00000000000000000000000010010011
00001010101000000000000100010011
00000000001000001000000000100011
00001011101100000000000100010011
00000000001000001000000010100011
00001100110000000000000100010011
00000000001000001000000100100011
00001101110100000000000100010011
00000000001000001000000110100011
01111110010100000000000110010011
00000000001100001001001000100011
11111000000000000000000110010011
00000000001100001001001100100011
01111100001100000000001000010011
00000000010000001010010000100011