00000000000000000000000010010011
00001101010000000000000100010011
00000000001000001000000000100011
00001100001100000000000100010011
00000000001000001000000010100011
00001011001000000000000100010011
00000000001000001000000100100011
00001010000100000000000100010011
00000000001000001000000110100011
00000000000100000000000100010011
00000000001000001000001000100011
00001000000000000000000100010011
00000000001000001000001010100011
00000000001000000000000100010011
00000000001000001000001100100011
00000111111100000000000100010011
00000000001000001000001110100011
00000000000000000000000100010011
00000000001000001000010000100011
00000001000100000000000100010011
00000000001000001000010010100011
00000010001000000000000100010011
00000000001000001000010100100011
00000011001100000000000100010011
00000000001000001000010110100011
00000000000000001010010100000011
00000000000000001000010110000011
00000000000000001100011000000011
00000000001100001000011010000011
00000000001100001100011100000011
00000000010000001001011110000011
00000000010000001101100000000011
00000000011000001001100010000011
00000000011000001101100100000011
00000000100000001010100110000011