04000093        
000082e7        
00000013        
00000013        
00000013        
00000013        
00000013        
00000013        
00000013        
00000013        
00000013        
00000013        
00000013        
00000013        
00000013        
00000013        
08000113        
00010367        
00000013        
00000013        
00000013        
00000013        
00000013        
00000013        
00000013        
00000013        
00000013        
00000013        
00000013        
00000013        
00000013        
00000013        
0c100193        
fff183e7        
00000013        
00000013        
00000013        
00000013        
00000013        
00000013        
00000013        
00000013        
00000013        
00000013        
00000013        
00000013        
00000013        
00000013        
00a00513
00000013        
00000013        
00000013        
00000013        
00000013        