00000001010100000000001010010011
00000000101000000000001100010011
00000000011000101000001110110011
01000000011000101000010000110011
01010101101010100101001010110111
01011010101000101000001010010011
00001111000011110001001100110111
11110000111100110000001100010011
00000000011000101100010010110011
00000000011000101110010100110011
00000000011000101111010110110011
00000001010100000000001010010011
00000000001100000000001100010011
00000000011000101001011000110011
11110000000000000000001010110111
00000000010000000000001100010011
00000000011000101101011010110011
01000000011000101101011100110011
11111111101100000000001010010011
00000000101000000000001100010011
00000000011000101010011110110011
00000000011000101011100000110011