00001111000000000000001010010011
00001010000000000000001100010011
00001010101100000000001110010011
00000001010100000000010010010011
00001111000000000000010100010011
11111000000000000000010110010011
00000000001100000000011000010011
11111000000000000000011010010011
11111111101100000000011100010011
00001111111100101100101000010011
00000000111100110110101010010011
00001111000000111111101100010011
00000000001101001001101110010011
00000000001101010101110000010011
01000000110001011101110010110011
01000000001101101101110100010011
00000000101001110010110110010011
00000000101001110011111000010011