040002ef        
00000013        
00000013        
00000013        
00000013        
00000013        
00000013        
00000013        
00000013        
00000013        
00000013        
00000013        
00000013        
00000013        
00000013        
00000013        
0800036f        
00000013        
00000013        
00000013        
00000013        
00000013        
00000013        
00000013        
00000013        
00000013        
00000013        
00000013        
00000013        
00000013        
00000013        
00000013        
0c0003ef        
00000013        
00000013        
00000013        
00000013        
00000013        
00000013        
00000013        
00000013        
00000013        
00000013        
00000013        
00000013        
00000013        
00000013        
00000013        
00a00513
00000013
00000013
00000013        