00000000010100000000000100010011
00000000101000000000000110010011
00000000001100010000011001100011
00000000000000000000101000010011
00000000000000000000010001100011
00000000000100000000101000010011
00000000001100010001011001100011
00000000000000000000101010010011
00000000000000000000010001100011
00000000000100000000101010010011
11111111011000010000000100010011
00000000001100010100011001100011
00000000000000000000101100010011
00000000000000000000010001100011
00000000000100000000101100010011
00000000001000011101011001100011
00000000000000000000101110010011
00000000000000000000010001100011
00000000000100000000101110010011
00000000001100010110011001100011
00000000000000000000110000010011
00000000000000000000010001100011
00000000000100000000110000010011
00000000001100010111011001100011
00000000000000000000110010010011
00000000000000000000010001100011
00000000000100000000110010010011